pulses;x;y;z
0;-0.120316;0.634949;-0.699631
1;-0.161545;0.643997;-0.738541
2;-0.173538;0.611267;-0.782562
3;-0.193573;0.645340;-0.752869
4;-0.199417;0.656708;-0.730621
5;-0.190720;0.640930;-0.750961
6;-0.165482;0.632889;-0.758743
7;-0.172485;0.641464;-0.747986
8;-0.169128;0.630157;-0.752686
9;-0.164444;0.625717;-0.745178
10;-0.155518;0.625748;-0.751999
11;-0.143585;0.631638;-0.761261
12;-0.134766;0.640945;-0.768356
13;-0.136368;0.642532;-0.775131
14;-0.137177;0.651123;-0.767487
15;-0.131180;0.651230;-0.767883
16;-0.136749;0.642944;-0.766541
17;-0.145935;0.639297;-0.751068
18;-0.157227;0.639099;-0.751495
19;-0.169617;0.633530;-0.750366
20;-0.189316;0.636749;-0.751190
21;-0.200531;0.634186;-0.755096
22;-0.209000;0.630966;-0.743546
23;-0.251282;0.622314;-0.730820
24;-0.287231;0.631226;-0.748306
25;-0.306625;0.612701;-0.779449
26;-0.279526;0.658676;-0.793442
27;-0.264877;0.661285;-0.734726
28;-0.205704;0.672562;-0.712646
29;-0.168732;0.659119;-0.718765
30;-0.183731;0.646118;-0.710693
31;-0.197159;0.647568;-0.692169
32;-0.187195;0.642715;-0.689148
33;-0.188660;0.634918;-0.714722
34;-0.210205;0.607712;-0.736313
35;-0.200272;0.596085;-0.748199
36;-0.197647;0.599106;-0.760712
37;-0.217773;0.606415;-0.769943
38;-0.234543;0.608582;-0.771637
39;-0.225952;0.604813;-0.785812
40;-0.208344;0.592377;-0.804916
41;0.029343;-0.036102;-1.867645
42;3.567444;-0.739487;4.482452
43;0.145081;2.934082;-0.224792
44;-0.081940;1.466919;-0.424652
45;-1.780029;-0.094894;-1.476364
46;-1.978668;-0.239471;-0.024185
47;-0.171692;1.187973;-0.337311
48;0.307922;0.827820;-0.858948
49;-0.452835;0.633636;-0.501190
50;-0.838760;0.941650;-0.669556
51;-0.547974;0.898911;-0.633835
52;0.035339;0.719650;-0.572357
53;0.077469;0.668854;-0.791901
54;-0.020218;0.589523;-0.695480
55;-0.104523;0.569946;-0.735596
56;-0.078445;0.532776;-0.805954
57;-0.002853;0.520966;-0.770523
58;-0.030533;0.511826;-0.790710
59;-0.065109;0.549622;-0.872253
60;-0.075668;0.552612;-0.914398
61;-0.062973;0.582962;-0.917328
62;-0.039307;0.633759;-0.886597
63;-0.035522;0.642319;-0.839630
64;-0.089539;0.637756;-0.784546
65;-0.155975;0.634735;-0.734726
66;-0.204391;0.619843;-0.700714
67;-0.214447;0.609421;-0.687576
68;-0.243011;0.600143;-0.698029
69;-0.309372;0.612671;-0.706894
70;-0.340256;0.641205;-0.717834
71;-0.326874;0.661484;-0.728607
72;-0.312225;0.661362;-0.730515
73;-0.279877;0.655457;-0.733749
74;-0.259827;0.629715;-0.735214
75;-0.262192;0.609879;-0.715500
76;-0.249344;0.622131;-0.702591
77;-0.231705;0.620422;-0.732315
78;-0.204239;0.614288;-0.753220
79;-0.177551;0.607483;-0.755539
80;-0.156570;0.618790;-0.769653
81;-0.153610;0.618256;-0.797455
82;-0.157318;0.591034;-0.851105
83;2.619720;-1.137024;2.699997
84;0.214035;3.517090;-0.010361
85;-0.137009;1.233032;-0.998779
86;-1.897079;0.190796;-1.414536
87;-1.414444;0.052292;-0.113373
88;-0.483276;1.098007;-0.191727
89;-0.034164;0.728165;-0.818649
90;-0.033966;0.442947;-0.581848
91;-0.571472;0.828156;-0.515686
92;-0.570770;0.858337;-0.726196
93;-0.099411;0.699829;-0.697327
94;0.102127;0.635971;-0.728882
95;-0.032089;0.630798;-0.796295
96;-0.161301;0.581635;-0.795364
97;-0.064758;0.533203;-0.802307
98;-0.003036;0.496964;-0.786743
99;-0.068970;0.520172;-0.809952
100;-0.095093;0.542389;-0.867386
101;-0.092438;0.578354;-0.892929
102;-0.101105;0.632111;-0.877243
103;-0.082626;0.651321;-0.838425
104;-0.100906;0.658173;-0.794983
105;-0.139130;0.654388;-0.754547
106;-0.178085;0.650620;-0.715729
107;-0.210083;0.647491;-0.684418
108;-0.235077;0.642975;-0.661713
109;-0.230530;0.642639;-0.680542
110;-0.203705;0.646652;-0.705795
111;-0.173172;0.658951;-0.741333
112;-0.147049;0.663773;-0.756393
113;-0.170959;0.674118;-0.758514
114;-0.218948;0.665558;-0.730972
115;-0.243378;0.668976;-0.727020
116;-0.241257;0.661957;-0.752563
117;-0.219177;0.639069;-0.757721
118;-0.223343;0.630722;-0.732254
119;-0.202850;0.624146;-0.719360
120;-0.193893;0.640549;-0.730515
121;-0.171219;0.648254;-0.745819
122;-0.126266;0.644379;-0.735748
123;-0.121796;0.662796;-0.787796
124;-0.139038;0.651031;-0.785950
125;-0.120712;0.655792;-0.756271
126;-0.083710;0.633118;-0.742447
127;-0.111771;0.611801;-0.752533
128;-0.173447;0.621658;-0.759094
129;-0.237167;0.649597;-0.755188
130;-0.290741;0.657623;-0.748566
131;-0.256287;0.653137;-0.749680
132;-0.181961;0.659958;-0.754700
133;-0.142105;0.653702;-0.763474
134;-0.117294;0.609848;-0.761978
135;-0.107849;0.605057;-0.764282
136;-0.139786;0.616104;-0.745468
137;-0.158279;0.617065;-0.717529
138;-0.189026;0.607529;-0.701492
139;-0.207031;0.620117;-0.691406
140;-0.218506;0.639481;-0.676178
141;-0.239853;0.659363;-0.691833
142;-0.292572;0.685272;-0.710495
143;-0.277618;0.690933;-0.699005
144;-0.244095;0.717087;-0.733109
145;-0.238373;0.713593;-0.777039
146;-0.239960;0.680878;-0.776672
147;-0.196060;0.686447;-0.771744
148;-0.189056;0.677429;-0.747391
149;-0.199966;0.659409;-0.723770
150;-0.180679;0.626999;-0.709991
151;-0.161667;0.622604;-0.726746
152;-0.142593;0.620224;-0.757385
153;-0.171219;0.604553;-0.753036
154;-0.189468;0.605453;-0.722656
155;-0.186676;0.656754;-0.725372
156;-0.220261;0.672119;-0.764572
157;-0.216583;0.646255;-0.744141
158;-0.186081;0.633972;-0.737671
159;-0.158859;0.574966;-0.742218
160;-0.108078;0.613541;-0.776688
161;-0.084885;0.601410;-0.816376
162;-0.118942;0.577362;-0.795166
163;-0.175537;0.614471;-0.778015
164;-0.220032;0.622070;-0.799866
165;-0.223801;0.643219;-0.871246
166;-0.249939;0.622864;-0.849411
167;-0.191452;0.611130;-0.821564
168;-0.155075;0.589249;-0.792084
169;-0.165939;0.525513;-0.677948
170;-0.144577;0.489639;-0.586929
171;-0.108322;0.554688;-0.597992
172;-0.201126;0.589935;-0.592117
173;-0.160400;0.645172;-0.642136
174;-0.211624;0.743958;-0.686157
175;-0.324158;0.639374;-0.652405
176;-0.552933;0.571716;-0.672424
177;-0.559296;0.609528;-0.737000
178;-0.334839;0.725235;-0.813950
179;-0.163925;0.810196;-0.817932
180;-0.103180;0.790833;-0.840012
181;-0.038239;0.751144;-0.841278
182;0.081924;0.708633;-0.877609
183;0.154358;0.674240;-0.854691
184;0.113220;0.624039;-0.793762
185;0.049820;0.607437;-0.761490
186;-0.063431;0.651886;-0.615555
187;-0.433731;0.480057;-0.290161
188;-0.619598;0.397827;-0.299377
189;-0.620972;0.625198;-0.398300
190;-0.559464;0.789963;-0.546509
191;-0.345139;0.950165;-0.813187
192;-0.216309;0.943634;-0.822937
193;-0.342834;0.844650;-0.798721
194;-0.285828;0.729416;-0.825958
195;-0.236679;0.662247;-0.773163
196;-0.210449;0.658554;-0.646927
197;-0.198624;0.612610;-0.607788
198;-0.111771;0.661087;-0.623505
199;-0.114853;0.773987;-0.697144
200;-0.173721;0.750122;-0.632141
201;-0.231140;0.683228;-0.583496
202;-0.268463;0.676865;-0.583725
203;-0.226242;0.659485;-0.606888
204;-0.165359;0.590302;-0.634338
205;-0.136749;0.723679;-0.583359
206;-0.294998;0.744965;-0.580109
207;-0.336258;0.797607;-0.584671
208;-0.394714;0.811188;-0.588440
209;-0.434280;0.809723;-0.558304
210;-0.428070;0.835999;-0.570419
211;-0.389404;0.797668;-0.562500
212;-0.290695;0.863235;-0.555954
213;-0.200378;0.721161;-0.559677
214;-0.056015;0.738571;-0.562912
215;-0.064758;0.821411;-0.600693
216;-0.045731;0.789764;-0.644562
217;-0.059647;0.788483;-0.593475
218;-0.198471;0.793533;-0.537582
219;-0.268280;0.740509;-0.519028
220;-0.277817;0.790436;-0.516785
221;-0.323090;0.796143;-0.524231
222;-0.367813;0.841003;-0.547791
223;-0.351303;0.820511;-0.548859
224;-0.229416;0.862549;-0.613861
225;-0.122955;0.826920;-0.581696
226;0.069366;0.800827;-0.596161
227;0.154083;0.767426;-0.610153
228;0.072281;0.770172;-0.532043
229;0.056885;0.822083;-0.507309
230;0.078522;0.856125;-0.521454
231;-0.028656;0.850952;-0.508438
232;-0.141632;0.882324;-0.487595
233;-0.197998;0.921341;-0.477509
234;-0.223984;0.957169;-0.489944
235;-0.262939;0.897675;-0.449844
236;-0.199234;0.910126;-0.426834
237;-0.156586;0.973129;-0.456589
238;-0.204285;0.931488;-0.426239
239;-0.111328;0.918045;-0.431519
240;-0.007614;0.921402;-0.379471
241;0.025208;0.945831;-0.395370
242;-0.027328;0.902374;-0.385773
243;-0.096283;0.967117;-0.390244
244;-0.174271;0.938431;-0.409912
245;-0.237106;0.960846;-0.437454
246;-0.204910;0.898056;-0.378693
247;-0.126343;0.952881;-0.199280
248;-0.024796;0.897003;-0.270676
249;0.033508;1.147110;-0.450333
250;-0.122574;1.125336;-0.520187
251;-0.060730;0.985992;-0.535233
252;0.044128;0.989105;-0.581604
253;0.117584;1.077545;-0.651855
254;0.183365;0.937912;-0.674271
255;0.032013;0.778992;-0.517044
256;0.072968;0.728546;-0.341248
257;0.105103;0.883301;-0.286118
258;-0.006851;1.001984;-0.209305
259;-0.138046;1.065140;-0.208618
260;-0.212845;1.032623;-0.277740
261;-0.247009;0.970520;-0.295502
262;-0.313034;0.950119;-0.251526
263;-0.335159;0.990616;-0.276108
264;-0.288376;1.032562;-0.353195
265;-0.244888;0.979523;-0.386200
266;-0.175323;0.925583;-0.422958
267;-0.124161;0.893753;-0.458496
268;-0.109879;0.876022;-0.456650
269;-0.078339;0.871231;-0.473267
270;-0.067719;0.865128;-0.503860
271;-0.059082;0.872360;-0.503967
272;-0.024002;0.867844;-0.549789
273;-0.029846;0.851242;-0.603180
274;-0.075912;0.860306;-0.627411
275;-0.156128;0.921265;-0.704376
276;-0.208221;0.936417;-0.702866
277;-0.226349;0.877747;-0.629959
278;-0.184830;0.815231;-0.628952
279;-0.191376;0.770676;-0.597382
280;-0.182022;0.715897;-0.575226
281;-0.173843;0.778824;-0.651154
282;-0.250473;0.760574;-0.656982
283;-0.257294;0.746414;-0.659943
284;-0.234482;0.739182;-0.661392
285;-0.209457;0.751968;-0.695572
286;-0.222977;0.803635;-0.719986
287;-0.207016;0.868073;-0.735855
288;-0.163651;0.877945;-0.670013
289;-0.129639;0.813324;-0.613281
290;-0.084900;0.781952;-0.694992
291;-0.075455;0.789948;-0.751801
292;-0.080627;0.719635;-0.718872
293;-0.079636;0.682465;-0.738998
294;-0.165222;0.736664;-0.818527
295;-0.206879;0.685989;-0.730942
296;-0.188248;0.635910;-0.657059
297;-0.203552;0.692184;-0.676941
298;-0.228134;0.737610;-0.685898
299;-0.242920;0.699677;-0.685791
300;-0.144669;0.693985;-0.721985
301;-0.050720;0.716171;-0.761108
302;-0.159271;0.626846;-0.752075
303;-0.285767;0.539978;-0.782333
304;-0.253799;0.516220;-0.770020
305;-0.175766;0.568359;-0.813812
306;-0.203766;0.623993;-0.890579
307;-0.229126;0.724365;-0.884644
308;-0.077133;0.678833;-0.866150
309;0.024307;0.687057;-0.878586
310;0.091751;0.660126;-0.851852
311;0.195786;0.555756;-0.819427
312;0.156418;0.434265;-0.764954
313;0.086090;0.381836;-0.731216
314;0.047867;0.401596;-0.702423
315;-0.055862;0.428833;-0.644989
316;-0.114700;0.511444;-0.625153
317;-0.135895;0.599060;-0.686218
318;-0.170502;0.639114;-0.685730
319;-0.136612;0.582321;-0.713150
320;-0.141052;0.568130;-0.742035
321;-0.215744;0.610886;-0.744736
322;-0.271133;0.551834;-0.701447
323;-0.272034;0.492889;-0.654144
324;-0.286102;0.437775;-0.632935
325;-0.285843;0.414368;-0.564011
326;-0.274323;0.408600;-0.582077
327;-0.203140;0.399277;-0.540451
328;-0.176620;0.396271;-0.590057
329;-0.125534;0.411972;-0.597137
330;-0.092865;0.445786;-0.657654
331;-0.138046;0.460373;-0.631897
332;-0.194504;0.435593;-0.615265
333;-0.145187;0.437210;-0.550598
334;-0.115051;0.504333;-0.712875
335;-0.095200;0.599976;-0.768417
336;-0.068268;0.653000;-0.784241
337;-0.121094;0.651947;-0.752991
338;-0.147583;0.645508;-0.664398
339;-0.182556;0.696182;-0.679932
340;-0.142761;0.735062;-0.680359
341;-0.123611;0.741302;-0.691177
342;-0.136703;0.766159;-0.728836
343;-0.259781;0.785034;-0.683304
344;-0.246704;0.789566;-0.519455
345;-0.171768;0.848679;-0.622253
346;-0.161591;0.827591;-0.644669
347;-0.141647;0.851364;-0.642578
348;-0.083694;0.898514;-0.617050
349;-0.095856;0.911179;-0.677887
350;-0.115707;0.926712;-0.594940
351;-0.292877;1.005646;-0.533737
352;-0.329391;1.111237;-0.592651
353;-0.229355;1.087402;-0.656845
354;-0.129349;1.086212;-0.554581
355;-0.127319;1.135864;-0.590836
356;-0.232574;0.985367;-0.516602
357;-0.214203;0.805893;-0.377518
358;-0.050705;0.842072;-0.455322
359;-0.052704;0.891373;-0.459564
360;-0.105911;0.901138;-0.405823
361;-0.098068;0.954346;-0.402557
362;-0.119873;0.955902;-0.391083
363;-0.192398;0.962387;-0.369507
364;-0.193359;0.932419;-0.319885
365;-0.172012;0.881165;-0.331558
366;-0.111526;0.781815;-0.247498
367;-0.035431;0.904755;-0.307465
368;-0.008408;1.115112;-0.440308
369;-0.006989;1.014038;-0.442886
370;0.047546;0.979019;-0.459946
371;0.005386;0.988495;-0.429871
372;-0.135376;0.936264;-0.410889
373;-0.222305;0.962540;-0.333160
374;-0.186813;0.918411;-0.246826
375;-0.140060;0.878525;-0.261093
376;-0.107468;0.868423;-0.271927
377;-0.144150;0.905411;-0.304535
378;-0.152130;0.917831;-0.306213
379;-0.151657;0.937408;-0.305313
380;-0.173416;1.064758;-0.312546
381;-0.235809;1.035431;-0.303040
382;-0.181366;1.049759;-0.376175
383;-0.117096;0.977203;-0.355835
384;-0.158432;0.962082;-0.324661
385;-0.132980;0.998657;-0.344803
386;-0.014816;1.069992;-0.466522
387;-0.158325;0.985596;-0.433960
388;-0.074158;1.014709;-0.363541
389;-0.010941;1.034973;-0.449799
390;-0.042542;1.023697;-0.549469
391;-0.152283;0.954224;-0.499557
392;-0.149506;0.882919;-0.353409
393;0.061844;1.016342;-0.188553
394;0.159317;1.176712;-0.333420
395;0.173187;1.117172;-0.391449
396;0.022873;1.080231;-0.464951
397;-0.082428;1.058350;-0.412125
398;-0.197418;0.983078;-0.350983
399;-0.189423;0.936295;-0.392639
400;-0.087646;0.903824;-0.442505
401;-0.010559;0.920746;-0.553619
402;-0.035233;0.960663;-0.662842
403;-0.101379;1.037842;-0.685272
404;-0.164703;1.110931;-0.649933
405;-0.183594;1.131271;-0.610458
406;-0.132477;1.099319;-0.615799
407;-0.070984;1.021881;-0.620590
408;-0.015808;0.960846;-0.590408
409;0.003326;0.879761;-0.567444
410;0.011353;0.871674;-0.583282
411;-0.013138;0.854767;-0.651672
412;-0.014145;0.927185;-0.730133
413;-0.011398;0.942169;-0.672897
414;0.032684;0.735916;-0.446777
415;-0.086731;0.601395;-0.351212
416;0.021088;0.566696;-0.274277
417;0.128448;0.578995;-0.337143
418;0.179489;0.753082;-0.637985
419;-0.010437;0.672668;-0.708511
420;-0.205292;0.598709;-0.697037
421;-0.187485;0.502838;-0.692932
422;-0.108734;0.544098;-0.638687
423;-0.113297;0.521698;-0.633072
424;-0.146927;0.559235;-0.622391
425;-0.182480;0.516525;-0.574310
426;-0.192291;0.489929;-0.526688
427;-0.136475;0.371841;-0.439438
428;-0.093216;0.343597;-0.449936
429;-0.080322;0.318222;-0.473648
430;-0.051102;0.317062;-0.470978
431;-0.069672;0.362747;-0.452820
432;-0.035675;0.384537;-0.494568
433;0.018692;0.391098;-0.489212
434;0.028976;0.433029;-0.561935
435;0.015411;0.460831;-0.566315
436;0.046692;0.496338;-0.486664
437;0.037125;0.511642;-0.485458
438;0.055359;0.578796;-0.419403
439;-0.037247;0.719955;-0.569809
440;-0.165253;0.701981;-0.493546
441;-0.310516;0.686462;-0.526611
442;-0.425262;0.787933;-0.628433
443;-0.448380;0.948959;-0.649719
444;-0.362579;1.089691;-0.647614
445;-0.264786;1.124283;-0.728287
446;-0.165863;1.090927;-0.620544
447;-0.138275;1.074295;-0.599045
448;-0.166061;1.022522;-0.572266
449;-0.155609;0.965759;-0.538956
450;-0.167648;0.996780;-0.521393
451;-0.160202;1.057632;-0.555603
452;-0.196289;1.110947;-0.645737
453;-0.298431;1.106628;-0.719131
454;-0.414001;1.092773;-0.659851
455;-0.461319;1.178040;-0.640976
456;-0.405243;1.287323;-0.722977
457;-0.325348;1.302200;-0.674377
458;-0.221146;1.228821;-0.622269
459;-0.114944;1.206635;-0.546387
460;-0.042297;1.125031;-0.519287
461;-0.054932;0.951202;-0.335480
462;-0.167557;0.995987;-0.290924
463;-0.162323;1.002823;-0.232697
464;-0.132721;0.991592;-0.254807
465;-0.162720;1.030075;-0.412354
466;-0.194839;1.056061;-0.599808
467;-0.209991;1.101349;-0.711731
468;-0.157883;1.074539;-0.626984
469;0.007828;0.965012;-0.484924
470;0.125488;0.915298;-0.488892
471;0.164871;0.853058;-0.560608
472;0.115921;0.824051;-0.598709
473;0.058289;0.890213;-0.611069
474;-0.022812;0.983475;-0.648666
475;-0.092056;0.949066;-0.597977
476;-0.118561;0.903427;-0.522293
477;-0.127441;0.903046;-0.528839
478;-0.186539;0.868042;-0.557632
479;-0.205627;0.850616;-0.619186
480;-0.154831;0.846848;-0.650223
481;-0.087265;0.845505;-0.671219
482;-0.003098;0.826782;-0.707321
483;0.037140;0.804413;-0.747269
484;-0.000626;0.824127;-0.792786
485;-0.015457;0.748993;-0.770981
486;0.001099;0.740540;-0.722824
487;-0.080811;0.636932;-0.704773
488;-0.120972;0.585251;-0.583313
489;-0.083023;0.496353;-0.479309
490;-0.077240;0.439804;-0.435760
491;-0.062439;0.392105;-0.398392
492;-0.041611;0.402786;-0.436417
493;-0.056259;0.376389;-0.480225
494;-0.052246;0.355621;-0.468735
495;-0.094177;0.353806;-0.542160
496;-0.086166;0.377274;-0.501511
497;-0.100464;0.367111;-0.487091
498;-0.141708;0.288620;-0.466553
499;-0.121078;0.292068;-0.393433
500;-0.091446;0.285446;-0.390762
501;-0.072525;0.342499;-0.413788
502;-0.061172;0.435898;-0.426483
503;-0.032578;0.488281;-0.419296
504;-0.021988;0.531906;-0.431183
505;-0.029144;0.581497;-0.431458
506;-0.103119;0.636398;-0.451462
507;-0.124466;0.715149;-0.428375
508;-0.156540;0.877579;-0.492477
509;-0.089157;0.981964;-0.475388
510;-0.096832;1.061081;-0.576859
511;-0.129242;1.078293;-0.596390
512;-0.198318;1.134491;-0.638672
513;-0.220078;1.107391;-0.783112
514;-0.205292;1.089920;-0.823608
515;-0.223846;1.173645;-0.882385
516;-0.198303;1.219437;-0.850327
517;-0.235641;1.247147;-0.799683
518;-0.188644;1.213867;-0.794495
519;-0.156509;1.120956;-0.721298
520;-0.155334;1.134552;-0.668884
521;-0.116440;1.052216;-0.591553
522;-0.158981;0.992828;-0.512970
523;-0.132858;0.980804;-0.465134
524;-0.095642;0.975067;-0.434189
525;-0.117218;0.978867;-0.407852
526;-0.165115;0.960266;-0.392151
527;-0.207779;0.974030;-0.352127
528;-0.206848;0.987579;-0.390396
529;-0.170853;1.094391;-0.420471
530;-0.145432;1.081024;-0.490189
531;-0.099335;1.058701;-0.513535
532;-0.044434;1.044235;-0.574234
533;-0.016281;1.051376;-0.605194
534;-0.025894;1.005447;-0.467819
535;-0.050934;1.024155;-0.483200
536;-0.158005;0.953186;-0.608795
537;-0.268356;0.925735;-0.640350
538;-0.292221;0.920135;-0.544998
539;-0.201126;0.970856;-0.489914
540;-0.060043;1.113144;-0.445984
541;0.039429;1.157669;-0.477142
542;0.029343;1.083649;-0.633591
543;-0.017029;1.046829;-0.758301
544;-0.068344;1.121964;-0.821213
545;-0.107224;1.119858;-0.734329
546;-0.100906;0.943649;-0.678299
547;-0.043060;0.808411;-0.679764
548;0.005402;0.772842;-0.703888
549;-0.020142;0.766983;-0.659515
550;-0.062378;0.676117;-0.564102
551;-0.051208;0.670334;-0.530289
552;0.004807;0.614426;-0.475861
553;0.004089;0.556366;-0.453552
554;-0.015320;0.493546;-0.436371
555;-0.000519;0.450348;-0.417099
556;-0.020142;0.398560;-0.434982
557;-0.055527;0.410355;-0.487823
558;-0.075912;0.410751;-0.507568
559;-0.100616;0.439880;-0.567062
560;-0.093658;0.502838;-0.564880
561;-0.128693;0.420868;-0.557632
562;-0.135742;0.338974;-0.515427
563;-0.153015;0.303589;-0.449203
564;-0.153900;0.281143;-0.377686
565;-0.140747;0.341049;-0.354767
566;-0.113678;0.376083;-0.381866
567;-0.060242;0.419128;-0.396240
568;-0.023209;0.459503;-0.408722
569;-0.014603;0.502090;-0.439224
570;-0.039490;0.582474;-0.477997
571;-0.047150;0.657928;-0.512054
572;-0.072327;0.700806;-0.493515
573;-0.067581;0.752243;-0.498199
574;-0.073975;0.870499;-0.576416
575;-0.069122;0.946381;-0.582047
576;-0.113129;0.991486;-0.544586
577;-0.114212;1.014206;-0.574905
578;-0.134384;1.056946;-0.626358
579;-0.207275;1.075226;-0.677811
580;-0.219666;1.060150;-0.662247
581;-0.248779;1.050095;-0.642151
582;-0.171677;1.066086;-0.621765
583;-0.184570;1.079468;-0.593842
584;-0.161331;1.050873;-0.567795
585;-0.214050;1.119186;-0.562607
586;-0.231720;1.268616;-0.582291
587;-0.238785;1.354279;-0.629730
588;-0.163086;1.332504;-0.626495
589;-0.176285;1.200012;-0.648056
590;-0.227615;1.133789;-0.652039
591;-0.246506;1.087143;-0.566559
592;-0.198792;1.076797;-0.518158
593;-0.086914;1.065857;-0.536835
594;-0.066605;1.061890;-0.554245
595;-0.061371;1.035355;-0.562271
596;-0.033813;0.869110;-0.322968
597;-0.023483;0.840393;-0.275024
598;-0.009827;0.966522;-0.336105
599;-0.026688;0.999481;-0.374176
600;-0.041107;1.030334;-0.438950
601;-0.029465;1.034973;-0.483887
602;-0.026474;1.043869;-0.528320
603;-0.061127;1.050613;-0.570984
604;-0.102951;1.045517;-0.519760
605;-0.152481;1.089630;-0.557236
606;-0.190750;1.065643;-0.597092
607;-0.229965;1.065765;-0.648315
608;-0.225296;1.097290;-0.673859
609;-0.169968;1.067902;-0.643448
610;-0.132843;1.088547;-0.623978
611;-0.039948;0.996307;-0.585953
612;0.020081;0.867859;-0.574341
613;0.007797;0.822815;-0.568054
614;0.004028;0.793198;-0.563950
615;-0.009781;0.737885;-0.568329
616;-0.029053;0.752487;-0.614258
617;0.022156;0.733765;-0.604965
618;0.026779;0.724213;-0.625000
619;0.008316;0.612961;-0.602036
620;-0.013657;0.546356;-0.546707
621;-0.030563;0.528687;-0.527740
622;-0.015198;0.535324;-0.519150
623;0.001419;0.515625;-0.510315
624;0.027176;0.522675;-0.533218
625;-0.009872;0.481247;-0.538300
626;-0.026657;0.437302;-0.494858
627;-0.083435;0.360931;-0.439484
628;-0.130219;0.345184;-0.414017
629;-0.159363;0.314026;-0.399185
630;-0.200928;0.308929;-0.383636
631;-0.222656;0.332169;-0.380310
632;-0.258621;0.374771;-0.387802
633;-0.285141;0.377319;-0.422531
634;-0.251404;0.420975;-0.451172
635;-0.212631;0.467834;-0.462189
636;-0.172577;0.548477;-0.514008
637;-0.151337;0.634689;-0.523987
638;-0.186829;0.701431;-0.556808
639;-0.170959;0.740189;-0.583298
640;-0.145401;0.811066;-0.630066
641;-0.112503;0.833527;-0.639114
642;-0.120605;0.854767;-0.669067
643;-0.112335;0.891937;-0.707001
644;-0.142929;0.925568;-0.680649
645;-0.136612;0.863297;-0.560211
646;-0.124023;0.912659;-0.604263
647;-0.040070;0.966995;-0.629288
648;0.003113;1.081985;-0.751816
649;-0.005646;1.159241;-0.853317
650;-0.077118;1.302246;-1.032547
651;-0.171555;1.291077;-1.026138
652;-0.292847;1.092941;-0.781540
653;-0.274841;0.947861;-0.685913
654;-0.209229;0.830078;-0.511505
655;-0.142044;0.834137;-0.422745
656;-0.086197;0.883301;-0.374252
657;-0.108521;0.964569;-0.382492
658;-0.157837;0.989807;-0.428696
659;-0.146530;0.940079;-0.448349
660;-0.114014;0.998032;-0.556717
661;-0.110214;1.020996;-0.582474
662;-0.193436;0.999298;-0.568268
663;-0.190155;1.030350;-0.576263
664;-0.154663;1.030228;-0.547882
665;-0.062439;1.044861;-0.590500
666;-0.062744;1.059402;-0.648178
667;-0.053696;1.026764;-0.708420
668;-0.091949;0.972672;-0.673203
669;-0.132477;0.975204;-0.647797
670;-0.167999;0.967758;-0.610931
671;-0.166290;0.936188;-0.576294
672;-0.124466;0.955353;-0.557114
673;-0.076218;1.036057;-0.582535
674;-0.043777;1.126068;-0.605438
675;0.024048;1.131744;-0.640991
676;0.088684;1.118042;-0.684128
677;0.127457;1.049286;-0.690308
678;0.049149;0.981949;-0.685501
679;-0.059906;0.928818;-0.704651
680;-0.081955;0.855209;-0.715836
681;-0.039917;0.757538;-0.671417
682;0.012039;0.699905;-0.591843
683;0.073959;0.708221;-0.573334
684;0.124146;0.771423;-0.571259
685;0.142670;0.820129;-0.560425
686;0.153397;0.767883;-0.569336
687;0.154434;0.670029;-0.572784
688;0.106094;0.622482;-0.577576
689;0.040146;0.595200;-0.584320
690;-0.039536;0.548065;-0.558273
691;-0.098068;0.472031;-0.529526
692;-0.077377;0.431641;-0.508270
693;-0.085800;0.341492;-0.507355
694;-0.038788;0.378311;-0.482269
695;-0.047180;0.344116;-0.455368
696;-0.057556;0.357681;-0.450150
697;-0.049255;0.351120;-0.403885
698;-0.031769;0.360580;-0.406021
699;0.022156;0.458405;-0.459396
700;0.037689;0.528870;-0.496124
701;-0.004333;0.553528;-0.533890
702;-0.042877;0.545563;-0.506042
703;-0.070374;0.578049;-0.508713
704;-0.103302;0.620499;-0.486526
705;-0.104752;0.657867;-0.446884
706;-0.131180;0.710861;-0.477402
707;-0.125488;0.786469;-0.528366
708;-0.164124;0.872681;-0.534958
709;-0.231720;0.923447;-0.550140
710;-0.235443;0.930862;-0.564575
711;-0.274918;0.963226;-0.541611
712;-0.285614;0.989258;-0.454819
713;-0.298370;1.055008;-0.469040
714;-0.321869;1.091461;-0.539169
715;-0.230667;1.156113;-0.678543
716;-0.140625;1.148010;-0.676666
717;-0.154358;1.087906;-0.619690
718;-0.179443;1.100235;-0.586746
719;-0.179535;1.136368;-0.597290
720;-0.192047;1.061111;-0.569107
721;-0.158005;1.139954;-0.724060
722;-0.189209;1.139221;-0.805389
723;-0.228836;1.066025;-0.751999
724;-0.173264;1.014557;-0.651871
725;-0.181961;1.040375;-0.578003
726;-0.191727;1.068024;-0.547089
727;-0.218689;1.057587;-0.473206
728;-0.164581;0.999374;-0.445663
729;-0.124588;1.012207;-0.438095
730;-0.073776;1.073975;-0.493225
731;0.014694;1.088715;-0.519485
732;0.028503;1.118240;-0.583939
733;0.071518;1.173965;-0.688400
734;0.095169;1.111694;-0.653229
735;0.076981;1.129196;-0.634827
736;-0.024109;1.103470;-0.547455
737;-0.096420;1.118378;-0.512375
738;-0.119751;1.083328;-0.464554
739;-0.088226;1.070099;-0.469467
740;-0.046173;1.020966;-0.476807
741;-0.011276;0.967834;-0.473145
742;-0.003464;0.953888;-0.514771
743;0.057938;0.922562;-0.504349
744;0.075195;0.945648;-0.576385
745;0.094223;0.909500;-0.614044
746;0.104248;0.854721;-0.644897
747;0.097382;0.815613;-0.650604
748;0.066101;0.863220;-0.753342
749;0.028946;0.926041;-0.817841
750;0.001770;0.937637;-0.754807
751;-0.019760;0.873032;-0.659286
752;-0.060196;0.785599;-0.556320
753;-0.061279;0.679230;-0.465790
754;-0.032944;0.641434;-0.380371
755;-0.030289;0.572662;-0.333313
756;-0.033081;0.482361;-0.312637
757;-0.035599;0.462662;-0.298004
758;-0.055313;0.445450;-0.327759
759;-0.046188;0.520111;-0.418549
760;-0.056839;0.510284;-0.467072
761;-0.060303;0.435532;-0.475311
762;-0.079880;0.392532;-0.464050
763;-0.087860;0.414124;-0.419495
764;-0.116653;0.404358;-0.372818
765;-0.112091;0.393539;-0.286880
766;-0.123657;0.459961;-0.302856
767;-0.113129;0.540787;-0.291931
768;-0.057556;0.596375;-0.273087
769;-0.002151;0.661804;-0.318436
770;0.057419;0.774567;-0.361282
771;0.066620;0.929993;-0.404633
772;0.026352;1.094696;-0.471161
773;-0.108887;1.137878;-0.509476
774;-0.209351;1.180084;-0.588348
775;-0.281784;1.225586;-0.679947
776;-0.350021;1.215302;-0.638260
777;-0.384216;1.148483;-0.618576
778;-0.412720;1.120300;-0.688400
779;-0.386322;1.183670;-0.791458
780;-0.346527;1.206680;-0.742661
781;-0.327225;1.173874;-0.641312
782;-0.300720;1.173935;-0.624771
783;-0.299118;1.145538;-0.598022
784;-0.272537;1.117416;-0.535782
785;-0.144394;1.224518;-0.538589
786;-0.108887;1.233643;-0.526428
787;-0.031250;1.149750;-0.563614
788;0.076965;1.113876;-0.643951
789;0.073654;1.083069;-0.621841
790;0.076675;1.079971;-0.609665
791;0.015121;1.064041;-0.556656
792;-0.048889;1.026184;-0.450836
793;-0.061310;1.054703;-0.391815
794;-0.076874;1.047577;-0.371124
795;-0.074188;1.068985;-0.363342
796;-0.041351;1.034637;-0.361206
797;0.000900;1.061035;-0.395157
798;0.020920;1.146042;-0.567703
799;-0.003067;1.139679;-0.626678
800;0.014786;1.093918;-0.570847
801;0.005890;1.073227;-0.433334
802;-0.012833;0.953079;-0.357895
803;-0.101349;0.993225;-0.538101
804;-0.075195;0.972412;-0.666718
805;0.038132;1.051971;-0.657913
806;0.103027;1.094788;-0.623932
807;0.122543;1.044922;-0.678772
808;0.124847;0.914154;-0.635269
809;0.092499;0.814484;-0.638901
810;0.070190;0.824982;-0.664413
811;0.025665;0.829559;-0.632324
812;-0.010300;0.804260;-0.554184
813;-0.013474;0.753769;-0.509903
814;0.011292;0.754486;-0.505066
815;-0.002029;0.721558;-0.473129
816;-0.057587;0.597336;-0.377365
817;-0.102158;0.470932;-0.306274
818;-0.107178;0.477844;-0.341614
819;-0.125427;0.477646;-0.371124
820;-0.128845;0.380966;-0.356583
821;-0.146057;0.340271;-0.410095
822;-0.120132;0.404602;-0.461853
823;-0.100494;0.484756;-0.485580
824;-0.145370;0.475296;-0.519913
825;-0.213013;0.451553;-0.489517
826;-0.296921;0.394943;-0.455338
827;-0.289810;0.470505;-0.473572
828;-0.235641;0.563248;-0.491425
829;-0.229568;0.539581;-0.471756
830;-0.168686;0.544556;-0.473831
831;-0.141327;0.569107;-0.515274
832;-0.121567;0.563934;-0.455154
833;-0.110245;0.549896;-0.307404
834;-0.079865;0.582199;-0.180756
835;-0.087219;0.606522;-0.098648
836;-0.128784;0.653595;-0.208984
837;0.092300;0.889755;-0.328094
838;0.311981;1.291336;-0.611389
839;0.318756;1.362854;-0.785873
840;0.064255;1.180679;-0.767120
841;-0.153351;1.090668;-0.772614
842;-0.242905;1.075684;-0.737030
843;-0.302917;1.254684;-0.911545
844;-0.318451;1.451706;-0.962265
845;-0.518860;1.371246;-0.896576
846;-0.541885;1.304413;-0.823624
847;-0.468307;1.264404;-0.820358
848;-0.252045;1.194336;-0.788239
849;-0.142822;1.119003;-0.719345
850;-0.110764;1.000397;-0.637390
851;-0.077621;0.901260;-0.452972
852;-0.061111;0.870911;-0.277542
853;-0.041489;0.923752;-0.202484
854;-0.051041;0.961548;-0.169907
855;-0.081726;1.090805;-0.285706
856;-0.100098;1.124283;-0.367157
857;-0.146408;1.173981;-0.436890
858;-0.180176;1.166229;-0.540817
859;-0.168945;1.140381;-0.617569
860;-0.133011;1.043777;-0.635773
861;-0.081146;1.003952;-0.677444
862;-0.101456;0.965485;-0.648193
863;-0.135529;0.851151;-0.492432
864;-0.118225;0.859772;-0.486221
865;-0.150406;0.891129;-0.533096
866;-0.204865;0.843079;-0.574142
867;-0.203354;0.819168;-0.579941
868;-0.177078;0.833893;-0.628403
869;-0.151047;0.870468;-0.697052
870;-0.131836;0.884659;-0.726135
871;-0.119308;0.964325;-0.784439
872;-0.074066;1.009201;-0.826035
873;-0.013016;1.025467;-0.822586
874;0.014786;0.939896;-0.795609
875;0.026154;0.845261;-0.721741
876;0.028549;0.684113;-0.682205
877;0.019577;0.524933;-0.622635
878;0.004669;0.485748;-0.600067
879;-0.020050;0.457733;-0.526993
880;-0.051971;0.561371;-0.519241
881;-0.030045;0.647614;-0.517517
882;0.009567;0.578491;-0.481766
883;-0.002975;0.399902;-0.438217
884;0.025146;0.302597;-0.470459
885;0.011368;0.358200;-0.485062
886;-0.053009;0.331589;-0.453690
887;-0.193146;0.326447;-0.288849
888;-0.210693;0.228775;-0.344849
889;-0.143524;0.195648;-0.282349
890;-0.203018;0.267822;-0.413177
891;-0.209930;0.346359;-0.564880
892;-0.096985;0.506180;-0.690613
893;-0.068588;0.523834;-0.731186
894;-0.061340;0.417053;-0.554886
895;-0.013687;0.449005;-0.377914
896;0.006149;0.504135;-0.265274
897;-0.039429;0.641144;-0.396484
898;0.016800;0.824677;-0.375626
899;-0.030396;0.916077;-0.513931
900;-0.143326;0.946732;-0.530838
901;-0.180084;1.095978;-0.580444
902;-0.261993;1.156540;-0.659576
903;-0.287292;1.117569;-0.613739
904;-0.267670;1.013306;-0.723801
905;-0.173965;0.934464;-0.761810
906;-0.240677;0.951843;-0.702835
907;-0.320618;1.041519;-0.768478
908;-0.242706;1.032242;-0.719543
909;-0.340317;0.918365;-0.936081
910;-0.341263;0.850555;-0.923035
911;-0.399857;0.838425;-0.744553
912;-0.362534;0.991043;-0.756348
913;-0.301895;1.332596;-0.823959
914;-0.213089;1.561340;-0.699844
915;-0.092209;1.502350;-0.646790
916;-0.034805;1.242279;-0.435120
917;0.025726;1.078598;-0.442062
918;0.013168;1.002228;-0.369186
919;-0.034378;1.062668;-0.462906
920;-0.060287;1.117569;-0.511414
921;-0.142227;0.879532;-0.522614
922;-0.187012;0.795914;-0.605530
923;-0.151093;0.907791;-0.646103
924;-0.128967;1.041824;-0.661560
925;-0.076294;1.145645;-0.664307
926;-0.050919;1.162811;-0.648163
927;-0.068176;1.087128;-0.643753
928;-0.127640;0.925735;-0.532715
929;-0.185791;0.867050;-0.482941
930;-0.191162;0.894089;-0.497864
931;-0.126144;0.920212;-0.579346
932;-0.022690;0.954117;-0.659088
933;0.075607;0.944885;-0.701889
934;0.038498;0.868317;-0.698776
935;-0.048904;0.719299;-0.682495
936;-0.037292;0.644547;-0.685364
937;-0.042007;0.751114;-0.723129
938;-0.040314;0.821396;-0.695801
939;-0.076721;0.770340;-0.631165
940;-0.087601;0.665878;-0.545334
941;-0.048950;0.540192;-0.493896
942;0.073868;0.432648;-0.437286
943;0.151215;0.437515;-0.408783
944;0.115387;0.479385;-0.390686
945;0.014999;0.492233;-0.348404
946;-0.084015;0.445663;-0.357895
947;-0.195084;0.401306;-0.348923
948;-0.240524;0.311874;-0.341858
949;-0.216431;0.277161;-0.308105
950;-0.220551;0.270523;-0.415451
951;-0.214966;0.354004;-0.482971
952;-0.146240;0.423874;-0.453140
953;-0.062576;0.437439;-0.435837
954;-0.016205;0.409561;-0.350082
955;-0.012894;0.357162;-0.270844
956;-0.046539;0.327652;-0.229874
957;-0.072235;0.401413;-0.253281
958;-0.098145;0.573685;-0.369934
959;-0.117050;0.717255;-0.406235
960;-0.079086;0.934738;-0.525223
961;-0.032913;1.197159;-0.552353
962;-0.135712;1.437119;-0.575562
963;-0.165634;1.414703;-0.521667
964;-0.190048;1.357056;-0.549332
965;-0.156067;1.300125;-0.764786
966;-0.135986;1.223831;-0.961319
967;-0.191208;1.055725;-0.969101
968;-0.163422;0.983505;-0.909760
969;-0.184219;1.008606;-0.943344
970;-0.240204;1.057159;-0.932190
971;-0.268341;1.127075;-0.858841
972;-0.243057;1.153564;-0.688049
973;-0.207642;1.185028;-0.553055
974;-0.131165;1.153015;-0.467072
975;-0.076508;1.100555;-0.420975
976;-0.039597;1.079910;-0.376175
977;-0.082123;1.008957;-0.321091
978;-0.121033;0.966324;-0.386368
979;-0.161041;0.895447;-0.406601
980;-0.161713;0.908524;-0.465942
981;-0.184189;0.921112;-0.453537
982;-0.114761;0.844589;-0.294968
983;-0.040009;1.012283;-0.464111
984;-0.060944;1.224365;-0.755371
985;-0.130035;1.241623;-0.842346
986;-0.114639;1.077637;-0.714020
987;-0.114838;1.033661;-0.602692
988;-0.106766;1.097412;-0.549164
989;-0.125519;1.067596;-0.567139
990;-0.169861;0.958298;-0.597641
991;-0.191772;0.885147;-0.600586
992;-0.167816;0.848541;-0.545837
993;-0.159180;0.898605;-0.550873
994;-0.089371;0.942215;-0.615997
995;-0.002182;1.004318;-0.741302
996;0.081497;1.009842;-0.787537
997;0.113281;0.964981;-0.840851
998;0.105667;0.939987;-0.797150
999;0.039444;0.896439;-0.729752
1000;-0.020065;0.781281;-0.598495
1001;-0.059860;0.642242;-0.461304
1002;-0.096664;0.506882;-0.358261
1003;-0.116806;0.408432;-0.261627
1004;-0.114929;0.380676;-0.185440
1005;-0.154953;0.329498;-0.239838
1006;-0.117737;0.335434;-0.324112
1007;-0.079941;0.408279;-0.305908
1008;-0.022995;0.352585;-0.352310
1009;-0.125793;0.300690;-0.429825
1010;-0.125732;0.319977;-0.384247
1011;-0.143082;0.330673;-0.386017
1012;-0.143311;0.292465;-0.364944
1013;-0.130829;0.287506;-0.340820
1014;-0.107025;0.326172;-0.324707
1015;-0.068329;0.380722;-0.305069
1016;-0.061035;0.527786;-0.384705
1017;-0.041992;0.706604;-0.465515
1018;-0.055191;0.868011;-0.520386
1019;-0.057037;0.973572;-0.573502
1020;-0.070312;1.061996;-0.605606
1021;-0.095428;1.041656;-0.601028
1022;-0.112915;1.017197;-0.608261
1023;-0.137497;0.931671;-0.610291
1024;-0.137939;0.897629;-0.654129
1025;-0.123840;0.841873;-0.667038
1026;-0.134766;0.898956;-0.671036
1027;-0.132919;0.939499;-0.669525
1028;-0.120316;1.011765;-0.616943
1029;-0.025589;1.220612;-0.636490
1030;-0.077881;1.481491;-0.646759
1031;-0.165604;1.555038;-0.645798
1032;-0.205994;1.505035;-0.665161
1033;-0.226059;1.262360;-0.684799
1034;-0.202026;1.093246;-0.699341
1035;-0.247971;1.037552;-0.682266
1036;-0.288971;0.948990;-0.652939
1037;-0.276459;0.883942;-0.645020
1038;-0.261230;0.896561;-0.659668
1039;-0.333130;0.969299;-0.628494
1040;-0.436279;0.997040;-0.535538
1041;-0.348267;0.954987;-0.328827
1042;-0.150833;1.143051;-0.358780
1043;-0.036240;1.328430;-0.433868
1044;0.018082;1.263275;-0.437820
1045;0.020233;1.123886;-0.447052
1046;0.030182;1.043961;-0.511246
1047;0.011307;0.996689;-0.591415
1048;-0.009186;0.894852;-0.644836
1049;-0.021469;0.886368;-0.711090
1050;-0.029846;0.939941;-0.711884
1051;-0.022629;0.954285;-0.639328
1052;0.006256;0.980545;-0.651489
1053;0.069550;0.934464;-0.590164
1054;0.129639;0.895065;-0.556793
1055;0.197220;0.828186;-0.534576
1056;0.216507;0.820358;-0.602493
1057;0.207718;0.792053;-0.652283
1058;0.181992;0.823090;-0.714539
1059;0.160675;0.823059;-0.715912
1060;0.088791;0.805740;-0.672729
1061;-0.001282;0.745422;-0.615524
1062;-0.085571;0.708359;-0.580383
1063;-0.114380;0.653595;-0.556107
1064;-0.126480;0.569992;-0.498749
1065;-0.149261;0.531525;-0.477386
1066;-0.121796;0.490250;-0.450394
1067;-0.095627;0.476654;-0.439041
1068;-0.073090;0.500290;-0.439407
1069;-0.081818;0.507538;-0.434250
1070;-0.162979;0.464844;-0.402115
1071;-0.217346;0.423904;-0.380859
1072;-0.221115;0.316208;-0.333435
1073;-0.237152;0.262650;-0.321411
1074;-0.205261;0.262390;-0.313828
1075;-0.144669;0.294342;-0.350266
1076;-0.051422;0.366882;-0.396606
1077;0.030441;0.455627;-0.398529
1078;0.009659;0.537933;-0.472427
1079;-0.015671;0.625061;-0.508987
1080;-0.060989;0.732178;-0.547028
1081;-0.087296;0.744278;-0.528275
1082;-0.128281;0.724213;-0.516830
1083;-0.124344;0.709045;-0.500671
1084;-0.085068;0.753143;-0.467316
1085;-0.069122;0.887405;-0.444809
1086;-0.051376;1.019196;-0.451462
1087;-0.020493;1.146896;-0.468521
1088;0.006882;1.267578;-0.535294
1089;-0.007095;1.336639;-0.666367
1090;-0.060410;1.381363;-0.721298
1091;-0.107544;1.295700;-0.696503
1092;-0.196457;1.190338;-0.720535
1093;-0.260269;1.121658;-0.778687
1094;-0.387421;1.092072;-0.793549
1095;-0.457626;1.090469;-0.726669
1096;-0.449326;1.138779;-0.685059
1097;-0.343506;1.137100;-0.724091
1098;-0.234314;1.014999;-0.674240
1099;-0.188034;0.958359;-0.588455
1100;-0.151154;0.902512;-0.473373
1101;-0.083237;0.976486;-0.397842
1102;-0.080856;1.171387;-0.404892
1103;-0.054321;1.273529;-0.431107
1104;-0.053391;1.222473;-0.422470
1105;-0.024551;1.156204;-0.482635
1106;0.006302;1.035614;-0.474579
1107;-0.001465;0.848572;-0.271454
1108;-0.035782;0.895538;-0.334015
1109;-0.125656;0.994202;-0.489227
1110;-0.237503;0.965912;-0.542252
1111;-0.221039;0.942368;-0.554993
1112;-0.159576;0.948578;-0.520966
1113;-0.077393;1.005173;-0.469788
1114;-0.028198;1.104935;-0.457153
1115;-0.060471;1.067047;-0.447845
1116;-0.101425;0.966568;-0.514603
1117;-0.172745;0.888687;-0.533859
1118;-0.195953;0.825943;-0.556183
1119;-0.120865;0.811630;-0.605423
1120;-0.031204;0.842529;-0.731644
1121;0.022614;0.879898;-0.809097
1122;0.027420;0.884308;-0.822983
1123;-0.017761;0.877380;-0.778275
1124;-0.022095;0.842941;-0.726669
1125;-0.006760;0.826721;-0.752365
1126;0.025848;0.858322;-0.756882
1127;0.053818;0.861008;-0.688385
1128;0.111465;0.879700;-0.689484
1129;0.184586;0.835281;-0.691544
1130;0.156052;0.696503;-0.537354
1131;0.052811;0.575668;-0.474548
1132;-0.039154;0.438309;-0.376068
1133;-0.178574;0.338730;-0.338181
1134;-0.281189;0.313522;-0.393661
1135;-0.263794;0.332397;-0.390778
1136;-0.217422;0.355042;-0.319946
1137;-0.127274;0.373276;-0.426422
1138;-0.058868;0.431122;-0.368500
1139;0.008041;0.473221;-0.365860
1140;-0.119995;0.412643;-0.443085
1141;-0.132797;0.432281;-0.460342
1142;-0.127869;0.447083;-0.461517
1143;-0.178848;0.452347;-0.560486
1144;-0.219162;0.473572;-0.579361
1145;-0.185013;0.442719;-0.562057
1146;-0.109207;0.436127;-0.542297
1147;-0.008972;0.453812;-0.532303
1148;0.014313;0.549805;-0.582535
1149;-0.034927;0.669601;-0.642853
1150;-0.055878;0.735382;-0.649170
1151;-0.036987;0.786636;-0.673157
1152;-0.033661;0.880951;-0.658371
1153;-0.125061;0.915085;-0.630722
1154;-0.123840;0.897736;-0.516266
1155;-0.087524;0.959320;-0.529724
1156;0.044418;1.091888;-0.515182
1157;0.018219;1.203049;-0.558380
1158;-0.080460;1.220016;-0.645889
1159;-0.155685;1.183472;-0.653763
1160;-0.233612;1.195129;-0.712799
1161;-0.247604;1.191940;-0.743225
1162;-0.213226;1.286835;-0.771652
1163;-0.171692;1.244827;-0.751740
1164;-0.152451;1.163193;-0.676041
1165;-0.184326;1.114624;-0.604019
1166;-0.220932;1.136261;-0.557190
1167;-0.194199;1.100601;-0.480560
1168;-0.129410;1.072113;-0.441803
1169;-0.085403;1.066467;-0.485291
1170;-0.032623;1.073685;-0.505432
1171;-0.059479;1.106659;-0.543411
1172;-0.044159;1.197510;-0.682571
1173;-0.053162;1.252274;-0.749847
1174;-0.018143;1.240189;-0.716522
1175;0.037323;1.198273;-0.652039
1176;0.115967;1.178162;-0.625259
1177;0.083328;1.131607;-0.546051
1178;0.042908;1.111450;-0.466843
1179;-0.026169;1.095978;-0.472549
1180;-0.017960;1.042007;-0.489777
1181;0.045639;1.025833;-0.539337
1182;0.055496;1.088074;-0.637939
1183;0.064987;1.084381;-0.675171
1184;0.117462;1.063278;-0.667450
1185;0.193497;1.066360;-0.660858
1186;0.248642;1.027023;-0.725967
1187;0.272888;0.999969;-0.728180
1188;0.227005;0.940704;-0.677780
1189;0.123169;0.887314;-0.591492
1190;0.037109;0.809982;-0.472092
1191;-0.030243;0.676682;-0.366455
1192;-0.044586;0.605484;-0.289856
1193;0.004852;0.587463;-0.225708
1194;0.002563;0.543320;-0.233139
1195;-0.048004;0.481079;-0.302505
1196;-0.048553;0.477676;-0.344711
1197;-0.018372;0.499344;-0.338165
1198;-0.127136;0.433563;-0.375259
1199;-0.220612;0.425766;-0.392700
1200;-0.261063;0.498367;-0.387558
1201;-0.328766;0.469849;-0.427338
1202;-0.309143;0.473892;-0.419586
1203;-0.236633;0.452148;-0.394714
1204;-0.124023;0.437317;-0.415359
1205;-0.069290;0.433701;-0.425308
1206;-0.068024;0.476562;-0.429947
1207;-0.047318;0.538223;-0.367996
1208;-0.078812;0.627533;-0.394730
1209;-0.100418;0.706970;-0.450821
1210;-0.071136;0.810303;-0.530823
1211;-0.008438;0.876190;-0.552658
1212;0.002762;0.974533;-0.566254
1213;-0.050903;1.040985;-0.533798
1214;-0.129257;1.000381;-0.563553
1215;-0.165970;1.038483;-0.641022
1216;-0.203094;1.010742;-0.622025
1217;-0.207596;1.074310;-0.600250
1218;-0.257614;1.105194;-0.562912
1219;-0.286469;1.312256;-0.706284
1220;-0.314758;1.329453;-0.779266
1221;-0.440994;1.261765;-0.762222
1222;-0.404953;1.302139;-0.782898
1223;-0.310211;1.359116;-0.793045
1224;-0.232819;1.362656;-0.813766
1225;-0.152359;1.233093;-0.750702
1226;-0.055573;1.095123;-0.671188
1227;0.032516;1.017395;-0.554565
1228;0.123520;0.939606;-0.417633
1229;0.151459;1.043167;-0.430084
1230;0.099533;1.079880;-0.420990
1231;0.026611;1.089371;-0.373093
1232;0.006561;1.140808;-0.395721
1233;0.031281;1.155731;-0.416641
1234;0.008987;1.150650;-0.477936
1235;0.008011;1.105530;-0.495834
1236;-0.005814;1.061844;-0.463455
1237;0.000854;1.017349;-0.462555
1238;-0.006943;0.944122;-0.497345
1239;-0.037186;0.951538;-0.551331
1240;-0.087875;0.990021;-0.599640
1241;-0.104980;0.964417;-0.547836
1242;-0.059708;0.997894;-0.563950
1243;0.010788;1.051620;-0.612167
1244;0.030563;1.087296;-0.692780
1245;0.045502;1.040604;-0.655807
1246;0.002289;1.030914;-0.628738
1247;0.026382;0.936981;-0.612335
1248;0.063828;0.879181;-0.652695
1249;0.074600;0.861649;-0.716248
1250;0.067719;0.875244;-0.715088
1251;0.077225;0.873505;-0.682022
1252;0.076950;0.772598;-0.615173
1253;0.051147;0.665939;-0.559799
1254;-0.015289;0.637222;-0.544022
1255;0.029556;0.656067;-0.473343
1256;0.046204;0.542969;-0.383148
1257;0.067963;0.469666;-0.415283
1258;0.008850;0.438828;-0.415543
1259;-0.044662;0.385147;-0.410294
1260;-0.059052;0.391800;-0.359177
1261;-0.151733;0.392929;-0.309448
1262;-0.197922;0.340408;-0.330536
1263;-0.163284;0.307495;-0.305038
1264;-0.158188;0.398575;-0.430222
1265;-0.156784;0.458618;-0.551514
1266;-0.153137;0.556137;-0.625000
1267;-0.127060;0.577499;-0.565979
1268;-0.134735;0.546204;-0.457565
1269;-0.180908;0.488525;-0.373764
1270;-0.197433;0.485794;-0.374374
1271;-0.173264;0.536362;-0.449844
1272;-0.156952;0.632492;-0.530045
1273;-0.096451;0.730774;-0.598923
1274;-0.103531;0.846283;-0.648895
1275;-0.166580;0.888474;-0.592331
1276;-0.183914;0.864426;-0.504410
1277;-0.181503;0.811737;-0.505417
1278;-0.137115;0.836853;-0.488541
1279;-0.156784;0.967209;-0.483887
1280;-0.163055;1.122940;-0.486557
1281;-0.211487;1.186478;-0.523697
1282;-0.246857;1.170471;-0.540894
1283;-0.316574;1.052048;-0.538574
1284;-0.368820;1.092941;-0.694778
1285;-0.275665;1.187393;-0.658905
1286;-0.296631;1.240082;-0.670609
1287;-0.163086;1.308533;-0.790787
1288;-0.049133;1.108521;-0.824280
1289;0.002548;1.124756;-0.890884
1290;0.003372;1.192566;-0.903671
1291;-0.087479;1.221115;-0.884003
1292;-0.106995;1.234161;-0.828644
1293;-0.127289;1.158096;-0.716309
1294;-0.117035;1.016708;-0.526932
1295;-0.118942;0.957047;-0.469193
1296;-0.222992;1.000778;-0.499680
1297;-0.201172;1.035309;-0.490326
1298;-0.189804;1.074280;-0.395477
1299;-0.135330;1.014908;-0.329132
1300;-0.062698;0.982834;-0.354599
1301;0.032166;0.926437;-0.400818
1302;0.070557;0.961990;-0.412003
1303;0.022308;0.995438;-0.398529
1304;-0.026535;0.915604;-0.417664
1305;-0.057251;0.916779;-0.578949
1306;-0.121811;0.918381;-0.699921
1307;-0.187607;0.815933;-0.667374
1308;-0.190231;0.787643;-0.646317
1309;-0.170959;0.694504;-0.599930
1310;-0.231140;0.755402;-0.743561
1311;-0.288330;0.826187;-0.819809
1312;-0.215042;0.863922;-0.809769
1313;-0.000534;1.007355;-0.766998
1314;0.138382;1.003479;-0.770203
1315;0.132217;0.935318;-0.774582
1316;0.024979;0.833267;-0.803207
1317;-0.045029;0.700394;-0.752930
1318;-0.058517;0.604935;-0.637863
1319;-0.076416;0.514206;-0.535248
1320;-0.082520;0.450638;-0.409439
1321;-0.073059;0.463638;-0.345322
1322;-0.059692;0.423813;-0.276794
1323;-0.072906;0.367630;-0.275650
1324;-0.124603;0.300766;-0.337631
1325;-0.089584;0.344360;-0.382614
1326;-0.072906;0.346512;-0.361938
1327;-0.086777;0.387161;-0.445694
1328;-0.086472;0.418884;-0.571335
1329;-0.093155;0.445389;-0.665894
1330;-0.098267;0.443619;-0.661163
1331;-0.164474;0.432373;-0.651016
1332;-0.183456;0.396606;-0.511566
1333;-0.141998;0.400238;-0.400467
1334;-0.137833;0.394516;-0.407379
1335;-0.106430;0.440094;-0.372208
1336;-0.040817;0.547623;-0.327774
1337;-0.081345;0.684830;-0.484283
1338;-0.025497;0.806503;-0.450958
1339;-0.046829;0.849350;-0.425812
1340;-0.100082;0.940140;-0.521927
1341;-0.106918;1.055771;-0.571075
1342;-0.184677;1.066940;-0.620148
1343;-0.173233;0.998398;-0.615097
1344;-0.056412;0.981674;-0.536819
1345;-0.040421;0.988083;-0.555008
1346;-0.003708;1.069870;-0.598938
1347;-0.186996;1.125519;-0.786560
1348;-0.288651;1.121246;-1.010818
1349;-0.495239;1.152206;-1.141266
1350;-0.539917;1.149323;-1.000031
1351;-0.434723;1.293060;-0.972656
1352;-0.223938;1.347916;-0.874939
1353;-0.149826;1.259583;-0.840744
1354;-0.151276;1.176788;-0.768692
1355;-0.102386;1.078629;-0.554047
1356;-0.101089;1.070297;-0.462006
1357;0.001190;1.015823;-0.354736
1358;-0.054474;0.891357;-0.238907
1359;-0.107742;0.959534;-0.356155
1360;-0.236847;1.036774;-0.511261
1361;-0.289047;0.983658;-0.555313
1362;-0.245895;0.905914;-0.580643
1363;-0.118134;0.942719;-0.605392
1364;-0.104187;0.951660;-0.609421
1365;-0.121902;1.015472;-0.635529
1366;-0.160324;1.065781;-0.607605
1367;-0.120056;1.071762;-0.624878
1368;-0.084152;1.030075;-0.622009
1369;-0.062973;0.992630;-0.603775
1370;-0.044235;0.893234;-0.565430
1371;-0.043137;0.857483;-0.606689
1372;-0.043610;0.777283;-0.622879
1373;-0.030914;0.762634;-0.654877
1374;0.024719;0.801514;-0.650787
1375;0.062958;0.822983;-0.684784
1376;0.124771;0.819733;-0.719864
1377;0.160172;0.788177;-0.752243
1378;0.171005;0.760895;-0.730881
1379;0.174362;0.714294;-0.708908
1380;0.179199;0.655869;-0.615463
1381;0.128082;0.642517;-0.565735
1382;0.028549;0.587799;-0.506592
1383;-0.032974;0.538040;-0.496567
1384;-0.007523;0.464203;-0.441177
1385;0.025986;0.382416;-0.442917
1386;0.035599;0.393936;-0.426926
1387;-0.034225;0.365051;-0.341904
1388;-0.147919;0.290543;-0.306198
1389;-0.177765;0.225266;-0.289490
1390;-0.131943;0.219070;-0.246872
1391;-0.101959;0.268875;-0.192810
1392;-0.101486;0.314697;-0.263550
1393;-0.109940;0.343781;-0.303345
1394;-0.158447;0.387405;-0.319427
1395;-0.182495;0.535080;-0.410034
1396;-0.141296;0.711945;-0.460312
1397;-0.125259;0.822861;-0.446793
1398;-0.155685;0.964096;-0.527725
1399;-0.122986;1.057373;-0.508835
1400;-0.120575;1.154831;-0.562073
1401;-0.155136;1.126022;-0.580292
1402;-0.211502;1.094589;-0.680359
1403;-0.258728;1.039413;-0.802460
1404;-0.348022;0.920059;-0.769516
1405;-0.308655;0.987152;-0.841843
1406;-0.074570;1.187973;-0.910324
1407;-0.060196;1.172455;-0.964142
1408;-0.150406;1.047348;-0.886108
1409;-0.188248;0.974686;-0.762085
1410;-0.158142;1.000961;-0.692001
1411;-0.147797;1.074249;-0.663101
1412;-0.171402;1.168365;-0.670090
1413;-0.213242;1.160126;-0.661453
1414;-0.214493;1.100464;-0.699142
1415;-0.165817;0.968948;-0.665817
1416;-0.129532;0.934967;-0.559448
1417;-0.201080;0.946136;-0.552246
1418;-0.126923;1.026581;-0.566254
1419;-0.326553;1.057236;-0.612869
1420;-0.359894;1.097076;-0.710190
1421;-0.323257;1.084457;-0.811859
1422;-0.208694;1.053925;-0.794464
1423;-0.168716;1.008102;-0.497192
1424;-0.153717;1.024200;-0.459702
1425;-0.112839;1.131424;-0.645309
1426;-0.097702;1.106659;-0.669952
1427;-0.023590;0.970596;-0.519897
1428;-0.001053;0.927811;-0.450577
1429;-0.016098;0.971100;-0.507355
1430;0.029083;0.859161;-0.612381
1431;0.102341;0.827606;-0.727676
1432;0.095566;0.825531;-0.761658
1433;0.107651;0.895523;-0.683304
1434;0.146942;0.903336;-0.708206
1435;0.163879;0.872650;-0.802155
1436;0.159790;0.771683;-0.738434
1437;0.078842;0.714111;-0.609619
1438;0.014236;0.646210;-0.535065
1439;-0.052689;0.553696;-0.472809
1440;-0.088654;0.465668;-0.382919
1441;-0.113297;0.418884;-0.372467
1442;-0.120270;0.348892;-0.349701
1443;-0.171188;0.327087;-0.395477
1444;-0.138931;0.376175;-0.371674
1445;-0.153549;0.393860;-0.384232
1446;-0.187531;0.357040;-0.405792
1447;-0.256882;0.347321;-0.389954
1448;-0.281616;0.259888;-0.335907
1449;-0.252899;0.286697;-0.315628
1450;-0.200302;0.307312;-0.310120
1451;-0.128448;0.364182;-0.343582
1452;-0.000198;0.393066;-0.320374
1453;0.119003;0.451706;-0.412140
1454;0.176056;0.543030;-0.502228
1455;0.170959;0.629776;-0.443848
1456;0.036987;0.712296;-0.367599
1457;-0.136246;0.795609;-0.307175
1458;-0.220352;0.866226;-0.368118
1459;-0.133743;1.052567;-0.426437
1460;-0.090988;1.272980;-0.554306
1461;-0.140366;1.324356;-0.600555
1462;-0.284088;1.217865;-0.709244
1463;-0.309280;1.132156;-0.760956
1464;-0.295441;1.190582;-0.931046
1465;-0.208893;1.291519;-0.965317
1466;-0.163300;1.224915;-0.894577
1467;-0.181610;1.225677;-0.899857
1468;-0.227951;1.255234;-0.970123
1469;-0.242325;1.139252;-0.843567
1470;-0.273712;1.067505;-0.741867
1471;-0.290009;1.189117;-0.793381
1472;-0.258133;1.216354;-0.780746
1473;-0.428925;1.191544;-0.806351
1474;-0.361237;1.040253;-0.544205
1475;-0.305878;1.061600;-0.404419
1476;-0.167328;1.192566;-0.486481
1477;-0.137497;1.147736;-0.454758
1478;-0.018021;1.088547;-0.486130
1479;0.000809;1.030716;-0.479416
1480;0.014160;0.851364;-0.374695
1481;0.098709;0.814850;-0.379028
1482;0.192139;0.854874;-0.508514
1483;0.235886;0.928680;-0.740875
1484;0.237961;0.967850;-0.877228
1485;0.144394;0.924911;-0.875427
1486;0.118896;0.928467;-0.779144
1487;0.103195;0.903488;-0.599213
1488;0.058380;0.944656;-0.598694
1489;0.021133;0.917480;-0.646942
1490;-0.017456;0.930496;-0.659546
1491;-0.040421;0.895935;-0.636887
1492;-0.035141;0.840485;-0.620636
1493;-0.068893;0.708221;-0.564148
1494;-0.081207;0.624634;-0.473160
1495;-0.037323;0.529648;-0.400467
1496;0.050232;0.509399;-0.392044
1497;0.091888;0.576569;-0.424545
1498;0.065414;0.561127;-0.445633
1499;-0.054337;0.520920;-0.408722
1500;-0.136780;0.428268;-0.408218
1501;-0.129990;0.346481;-0.317642
1502;-0.105713;0.243820;-0.316650
1503;-0.149048;0.277145;-0.311539
1504;-0.158890;0.296616;-0.247055
1505;-0.191696;0.320068;-0.252792
1506;-0.218155;0.346573;-0.317383
1507;-0.243073;0.377548;-0.279663
1508;-0.248886;0.411957;-0.320694
1509;-0.228989;0.506653;-0.348541
1510;-0.201660;0.592270;-0.325974
1511;-0.182571;0.663391;-0.342026
1512;-0.132233;0.801529;-0.343887
1513;-0.066650;1.040451;-0.380325
1514;-0.031006;1.299637;-0.445953
1515;-0.075531;1.361221;-0.523743
1516;-0.086472;1.232925;-0.525101
1517;-0.144485;1.135818;-0.553391
1518;-0.163330;1.091949;-0.589127
1519;-0.225784;1.178101;-0.649918
1520;-0.236679;1.245728;-0.679092
1521;-0.213150;1.346069;-0.753647
1522;-0.167084;1.264435;-0.805649
1523;-0.089981;1.295288;-0.822662
1524;-0.054749;1.356476;-0.911087
1525;0.074585;1.251038;-0.849182
1526;0.136780;1.223267;-0.822388
1527;-0.035049;1.270554;-0.816147
1528;-0.228745;1.197144;-0.793365
1529;-0.346802;1.097961;-0.761780
1530;-0.398804;0.921448;-0.612808
1531;-0.383972;0.772202;-0.407776
1532;-0.315506;0.974899;-0.435715
1533;-0.217255;1.121658;-0.399246
1534;-0.189484;1.135101;-0.321991
1535;-0.121567;1.154297;-0.307358
1536;-0.104507;1.159546;-0.316681
1537;-0.251419;1.202942;-0.370041
1538;-0.326553;1.255676;-0.419006
1539;-0.317413;1.273575;-0.507095
1540;-0.229599;1.233749;-0.605774
1541;-0.164978;1.190262;-0.656937
1542;-0.109528;1.137955;-0.729523
1543;-0.038849;1.217545;-0.832993
1544;0.057678;1.277557;-0.839050
1545;0.022980;1.274277;-0.688766
1546;-0.024826;1.046936;-0.573181
1547;-0.084183;0.787659;-0.482239
1548;-0.039993;0.763855;-0.485962
1549;0.013062;0.801788;-0.443863
1550;0.054428;0.781601;-0.403152
1551;0.064209;0.790024;-0.340225
1552;0.037704;0.614273;-0.153702
1553;-0.013184;0.379639;0.071381
1554;-0.041595;0.241699;0.226868
1555;-0.078491;0.164902;0.267548
1556;-0.117218;0.227783;0.084671
1557;-0.039627;0.306656;-0.160736
1558;-0.068253;0.312790;-0.259888
1559;-0.081757;0.368286;-0.265518
1560;-0.120041;0.460358;-0.224884
1561;-0.143158;0.554459;-0.269226
1562;-0.087448;0.655243;-0.221436
1563;-0.075455;0.776657;-0.236298
1564;-0.056763;0.896210;-0.225159
1565;-0.022324;1.011963;-0.267380
1566;-0.005417;1.148117;-0.392807
1567;0.098511;1.311859;-0.483078
1568;0.160049;1.425247;-0.647568
1569;0.191208;1.339600;-0.764984
1570;0.101807;1.407913;-1.015793
1571;0.033432;1.269867;-1.088089
1572;0.014877;1.175980;-1.015442
1573;0.004013;1.237915;-1.066071
1574;-0.165955;1.207230;-1.097626
1575;-0.301544;1.205887;-1.037308
1576;-0.362091;1.242096;-0.959427
1577;-0.380173;1.254761;-0.815994
1578;-0.354858;1.217117;-0.731873
1579;-0.263565;1.188370;-0.656235
1580;-0.201675;1.186447;-0.624786
1581;-0.195984;1.076584;-0.451218
1582;-0.130875;1.079834;-0.429871
1583;-0.118744;1.139862;-0.429794
1584;-0.098236;1.130463;-0.426605
1585;-0.071442;1.122467;-0.472595
1586;-0.055695;1.127655;-0.568268
1587;-0.069000;1.180435;-0.614471
1588;-0.106461;1.172592;-0.544113
1589;-0.126587;1.206223;-0.476990
1590;-0.102386;1.263901;-0.502502
1591;-0.098755;1.227692;-0.596191
1592;-0.139114;1.179031;-0.775909
1593;-0.146057;1.245163;-0.842392
1594;-0.131516;1.253662;-0.717178
1595;-0.072479;1.123627;-0.609985
1596;-0.042419;0.957825;-0.538300
1597;-0.063065;0.874130;-0.497849
1598;-0.049942;0.836258;-0.386276
1599;-0.031677;0.683807;-0.276855
1600;-0.015640;0.522324;-0.222748
1601;-0.024918;0.501923;-0.245590
1602;-0.062225;0.407455;-0.237213
1603;-0.062775;0.379166;-0.262878
1604;-0.122330;0.306274;-0.304764
1605;-0.105209;0.231339;-0.332153
1606;-0.064484;0.249573;-0.274841
1607;-0.015976;0.472672;-0.379211
1608;-0.084442;0.426895;-0.533417
1609;-0.070877;0.411057;-0.465057
1610;0.027618;0.481216;-0.427887
1611;0.035492;0.403290;-0.430359
1612;0.005386;0.411423;-0.354523
1613;-0.024597;0.412186;-0.279205
1614;-0.006714;0.382050;-0.260910
1615;0.061203;0.433929;-0.294281
1616;0.108704;0.629730;-0.413391
1617;0.062546;0.826843;-0.501450
1618;0.058701;0.937515;-0.451218
1619;0.028915;1.139313;-0.521744
1620;-0.040955;1.251541;-0.551010
1621;-0.106949;1.185654;-0.551117
1622;-0.111298;1.126724;-0.470383
1623;-0.076035;1.203827;-0.536530
1624;-0.052338;1.253387;-0.775299
1625;-0.115875;1.132462;-0.956970
1626;-0.221390;1.054169;-0.954788
1627;-0.212173;1.079254;-0.883713
1628;-0.184326;1.100204;-0.874802
1629;-0.210266;1.106323;-0.883118
1630;-0.233887;1.162918;-0.837036
1631;-0.237885;1.402786;-0.733978
1632;-0.284439;1.477554;-0.599792
1633;-0.169159;1.313568;-0.480957
1634;-0.070831;1.113312;-0.410828
1635;-0.030365;1.002197;-0.413132
1636;-0.105835;0.891907;-0.467361
1637;-0.200729;0.779205;-0.370102
1638;-0.323746;0.734055;-0.286926
1639;-0.303833;0.895966;-0.347046
1640;-0.236145;0.989212;-0.379745
1641;-0.180298;1.094528;-0.437103
1642;-0.150665;1.158554;-0.470825
1643;-0.096054;1.244781;-0.556671
1644;-0.081100;1.225693;-0.559433
1645;-0.087128;1.213684;-0.552628
1646;-0.075516;1.177734;-0.563065
1647;-0.048920;1.144577;-0.584793
1648;-0.102051;1.100784;-0.600601
1649;-0.196167;1.025467;-0.575836
1650;-0.278107;0.960236;-0.527924
1651;-0.294266;0.920441;-0.522171
1652;-0.227875;0.940125;-0.622421
1653;-0.131516;0.921234;-0.676941
1654;-0.004135;0.910965;-0.689621
1655;0.082916;0.870636;-0.715454
1656;0.118027;0.803391;-0.699341
1657;0.120407;0.737595;-0.633728
1658;0.103867;0.661789;-0.606567
1659;0.134781;0.639069;-0.532272
1660;0.195709;0.590225;-0.461868
1661;0.124207;0.471252;-0.465729
1662;0.007980;0.380585;-0.434402
1663;0.025909;0.390213;-0.432373
1664;0.081543;0.426422;-0.471924
1665;0.093430;0.448822;-0.494080
1666;-0.029572;0.427246;-0.516632
1667;-0.074692;0.416046;-0.487183
1668;-0.131256;0.443573;-0.447372
1669;-0.199020;0.415466;-0.433365
1670;-0.208252;0.366104;-0.363998
1671;-0.172089;0.352127;-0.359573
1672;-0.154358;0.363602;-0.372162
1673;-0.162842;0.400528;-0.427917
1674;-0.171173;0.468216;-0.439056
1675;-0.171753;0.568649;-0.561020
1676;-0.132004;0.688644;-0.595749
1677;-0.102615;0.780838;-0.594391
1678;-0.107040;0.736801;-0.590195
1679;-0.092270;0.688629;-0.552948
1680;-0.094376;0.712341;-0.538910
1681;-0.091354;0.794510;-0.490494
1682;-0.067108;0.885239;-0.488220
1683;-0.067612;1.031281;-0.550476
1684;-0.095612;1.103638;-0.561981
1685;-0.117889;1.035751;-0.615662
1686;-0.138962;1.139694;-0.683395
1687;-0.194366;1.040619;-0.681717
1688;-0.264420;1.097107;-0.802551
1689;-0.194031;1.242828;-0.930435
1690;-0.140762;1.244492;-0.953171
1691;-0.119080;1.252335;-0.862839
1692;-0.101791;1.289902;-0.930313
1693;-0.006744;1.155029;-0.904907
1694;0.036179;1.083710;-0.884430
1695;-0.055008;1.036652;-0.815170
1696;-0.208786;1.004303;-0.703720
1697;-0.330795;1.018448;-0.667160
1698;-0.319595;1.098038;-0.552612
1699;-0.215530;0.977951;-0.301743
1700;-0.168106;0.995941;-0.227600
1701;-0.100677;1.037827;-0.236938
1702;-0.079086;1.037918;-0.345520
1703;-0.072754;0.953964;-0.496658
1704;-0.106461;0.924454;-0.643768
1705;-0.142258;1.006775;-0.734589
1706;-0.125092;1.009918;-0.725876
1707;-0.076233;0.989777;-0.719788
1708;-0.065674;1.040802;-0.749908
1709;-0.080994;0.973358;-0.772247
1710;-0.123352;0.857086;-0.703217
1711;-0.092819;0.836380;-0.563156
1712;-0.013718;0.887192;-0.515900
1713;0.040146;0.937073;-0.595337
1714;-0.002304;0.929810;-0.644791
1715;-0.043381;0.834763;-0.640335
1716;-0.040634;0.812256;-0.684387
1717;-0.009750;0.755997;-0.746719
1718;-0.042664;0.753036;-0.785248
1719;-0.067871;0.722076;-0.680084
1720;-0.011536;0.682037;-0.626083
1721;0.001572;0.637573;-0.678360
1722;-0.036743;0.535782;-0.663116
1723;-0.085831;0.479233;-0.648834
1724;-0.047501;0.486786;-0.637222
1725;0.027863;0.464523;-0.625076
1726;0.009567;0.436127;-0.600357
1727;-0.067017;0.405121;-0.546890
1728;-0.023651;0.376144;-0.565155
1729;0.090454;0.431076;-0.539276
1730;-0.092285;0.342621;-0.516891
1731;-0.233994;0.290726;-0.486252
1732;-0.163177;0.286224;-0.465942
1733;-0.088806;0.293854;-0.534714
1734;-0.045242;0.316666;-0.608017
1735;-0.042038;0.407028;-0.588989
1736;-0.056015;0.437790;-0.496948
1737;-0.121353;0.411041;-0.456909
1738;-0.188477;0.370102;-0.409760
1739;-0.227737;0.369965;-0.407761
1740;-0.255096;0.369629;-0.475723
1741;-0.318085;0.426392;-0.529251
1742;-0.305115;0.527634;-0.570740
1743;-0.264130;0.628326;-0.626251
1744;-0.174530;0.727264;-0.649078
1745;-0.078491;0.816620;-0.603989
1746;-0.090118;0.768066;-0.558640
1747;-0.085983;0.724014;-0.540375
1748;-0.020020;0.830521;-0.573090
1749;-0.021194;1.030060;-0.572083
1750;-0.135162;1.117737;-0.607208
1751;-0.163284;1.040131;-0.721130
1752;-0.058624;1.045685;-0.763077
1753;-0.050690;1.022751;-0.753448
1754;-0.061707;1.008652;-0.702133
1755;-0.115631;1.112930;-0.824600
1756;-0.164902;1.105072;-0.811066
1757;-0.279694;1.141968;-0.759933
1758;-0.290955;1.197952;-0.764038
1759;-0.244583;1.164948;-0.736542
1760;-0.199936;1.138901;-0.708313
1761;-0.144836;1.218460;-0.692490
1762;-0.142044;1.256424;-0.669952
1763;-0.205826;1.133942;-0.591934
1764;-0.163940;1.059586;-0.493240
1765;-0.160706;0.945328;-0.423645
1766;-0.153183;0.892639;-0.401535
1767;-0.130005;0.893814;-0.414032
1768;-0.149612;0.959259;-0.506424
1769;-0.159485;1.034790;-0.594788
1770;-0.103500;1.050690;-0.615448
1771;-0.029160;1.005005;-0.643951
1772;-0.007904;0.952286;-0.672318
1773;-0.068314;0.941559;-0.702881
1774;-0.135361;0.932678;-0.600266
1775;-0.166138;0.933350;-0.504059
1776;-0.116974;0.962341;-0.570099
1777;-0.096207;1.017456;-0.616470
1778;-0.091553;0.976746;-0.620941
1779;-0.135056;0.919189;-0.699310
1780;-0.213348;0.847504;-0.716766
1781;-0.191010;0.812576;-0.681793
1782;-0.152496;0.822525;-0.707138
1783;-0.133453;0.789780;-0.688324
1784;-0.121979;0.711838;-0.649323
1785;-0.123032;0.727524;-0.697922
1786;-0.106979;0.739700;-0.730972
1787;-0.041290;0.672302;-0.645203
1788;0.027786;0.664017;-0.586609
1789;0.043640;0.630020;-0.560104
1790;0.027466;0.521072;-0.506927
1791;-0.071991;0.465469;-0.520584
1792;-0.119553;0.383240;-0.473618
1793;-0.155090;0.398911;-0.427673
1794;-0.195999;0.368240;-0.402710
1795;-0.212769;0.292252;-0.410202
1796;-0.173218;0.307785;-0.372040
1797;-0.157410;0.367813;-0.373306
1798;-0.130966;0.344482;-0.427139
1799;-0.113464;0.307205;-0.397583
1800;-0.102509;0.325195;-0.448135
1801;-0.044617;0.347076;-0.386536
1802;-0.058731;0.344452;-0.459091
1803;-0.005386;0.420532;-0.448120
1804;-0.019531;0.490005;-0.427322
1805;-0.029556;0.554626;-0.468353
1806;-0.006744;0.630661;-0.461151
1807;-0.009796;0.726044;-0.507034
1808;-0.023544;0.738449;-0.509247
1809;-0.021637;0.772232;-0.478134
1810;-0.089111;0.820297;-0.548996
1811;-0.093781;0.869186;-0.468781
1812;-0.181152;1.012558;-0.483917
1813;-0.172440;1.139862;-0.555557
1814;-0.172760;1.278015;-0.803772
1815;-0.178848;1.311340;-0.934616
1816;-0.214935;1.195587;-0.813354
1817;-0.197525;1.173279;-0.783508
1818;-0.203369;1.131042;-0.802780
1819;-0.287155;1.074158;-0.767471
1820;-0.415054;1.087357;-0.792847
1821;-0.417160;1.140747;-0.763947
1822;-0.278366;1.159485;-0.700699
1823;-0.139908;1.149597;-0.681839
1824;-0.052246;1.162582;-0.679352
1825;-0.024521;1.110184;-0.624588
1826;-0.067429;1.093033;-0.608276
1827;-0.099869;1.038971;-0.519836
1828;-0.124573;1.016251;-0.474670
1829;-0.108780;1.036835;-0.504898
1830;-0.083633;0.878250;-0.423431
1831;-0.031235;0.877899;-0.432175
1832;-0.005341;0.921570;-0.479462
1833;0.049561;0.913269;-0.324448
1834;-0.000290;0.944412;-0.343521
1835;-0.052216;1.059555;-0.494324
1836;-0.130005;1.101120;-0.647995
1837;-0.152267;1.117874;-0.715179
1838;-0.138107;1.203278;-0.732559
1839;-0.139145;1.193542;-0.702072
1840;-0.175171;1.197205;-0.740967
1841;-0.169296;1.036453;-0.718613
1842;-0.169174;0.996857;-0.654587
1843;-0.179062;0.996475;-0.560043
1844;-0.142990;0.903275;-0.476883
1845;-0.100998;0.860886;-0.522430
1846;-0.081070;0.784180;-0.599564
1847;-0.067474;0.756699;-0.616074
1848;-0.033417;0.738022;-0.622574
1849;-0.001419;0.704849;-0.660019
1850;-0.013489;0.651489;-0.562790
1851;-0.073212;0.584076;-0.487808
1852;-0.138107;0.518661;-0.449829
1853;-0.121506;0.526581;-0.423309
1854;-0.018921;0.444427;-0.369904
1855;0.020630;0.397552;-0.384338
1856;0.011017;0.362656;-0.409988
1857;0.045425;0.313614;-0.389130
1858;0.031754;0.298248;-0.394547
1859;-0.018753;0.270996;-0.363113
1860;-0.035492;0.284958;-0.348099
1861;-0.109024;0.300568;-0.369995
1862;-0.137924;0.317413;-0.339355
1863;-0.143631;0.357635;-0.334625
1864;-0.102173;0.429672;-0.343765
1865;-0.106506;0.508392;-0.360382
1866;-0.104660;0.570480;-0.384918
1867;-0.089035;0.620605;-0.404907
1868;-0.092850;0.689224;-0.438950
1869;-0.128937;0.769882;-0.466248
1870;-0.173279;0.862183;-0.434662
1871;-0.176376;0.956116;-0.412155
1872;-0.148941;1.051117;-0.508545
1873;-0.196762;1.004944;-0.515106
1874;-0.209702;1.109940;-0.545853
1875;-0.190262;1.250366;-0.649017
1876;-0.227722;1.364975;-0.866730
1877;-0.220261;1.225082;-0.897552
1878;-0.183563;1.201141;-1.007492
1879;-0.158447;1.098984;-0.947876
1880;-0.177399;0.965271;-0.847809
1881;-0.182297;1.050598;-0.805161
1882;-0.208923;1.040588;-0.720871
1883;-0.213120;1.098907;-0.661850
1884;-0.080368;1.082916;-0.566162
1885;-0.108871;1.096588;-0.502151
1886;-0.072891;1.102142;-0.495926
1887;-0.034134;0.948807;-0.400681
1888;-0.221313;0.992966;-0.346649
1889;-0.355057;1.082153;-0.300980
1890;-0.342865;1.083496;-0.276611
1891;-0.261490;1.013397;-0.280884
1892;-0.197876;1.038086;-0.298203
1893;-0.212814;0.979385;-0.324265
1894;-0.177414;0.971924;-0.323273
1895;-0.098770;1.028717;-0.386536
1896;-0.054626;0.985214;-0.330704
1897;-0.032120;0.924362;-0.243622
1898;0.034592;0.982590;-0.198044
1899;-0.054443;0.967514;-0.191803
1900;-0.082916;0.905136;-0.219131
1901;-0.098694;0.856049;-0.180954
1902;-0.047775;0.852921;-0.113632
1903;0.065689;0.904800;-0.052490
1904;0.063522;0.985107;-0.000534
1905;0.091507;1.009415;0.085327
1906;0.104218;1.110031;0.122208
1907;0.071823;1.202316;0.188965
1908;0.101868;1.290359;0.139420
1909;0.083969;1.221573;0.098495
1910;0.056442;1.136337;0.033081
1911;0.158798;1.127060;0.028656
1912;0.165558;1.016632;-0.006821
1913;0.191406;0.852890;0.101944
1914;0.141296;0.826813;0.148300
1915;0.058640;0.967651;0.136459
1916;-0.057480;1.005478;0.124298
1917;-0.076523;1.120895;0.118607
1918;-0.008804;1.218506;0.068649
1919;0.122192;1.156158;0.163589
1920;0.230927;1.334641;0.005844
1921;0.143066;1.267792;0.143250
1922;-0.006577;1.278030;0.016617
1923;-0.037964;1.151382;0.173767
1924;-0.231216;1.072556;0.041336
1925;-0.291336;0.736069;0.425919
1926;-0.274567;1.137375;-0.029694
1927;-0.227371;1.007111;0.226059
1928;-0.155701;1.067810;-0.080841
1929;0.053574;1.060440;0.045731
1930;0.060669;1.214340;-0.072662
1931;0.033279;1.219849;-0.001663
1932;0.081879;1.144897;0.072311
1933;0.062988;1.149292;0.029175
1934;-0.107300;1.028824;-0.037766
1935;-0.103622;0.971970;-0.075455
1936;-0.057556;0.958115;-0.155518
1937;-0.065048;0.928329;-0.293030
1938;-0.048325;0.887192;-0.394714
1939;0.023468;0.850037;-0.465530
1940;0.059891;0.852783;-0.527451
1941;0.025208;0.858490;-0.512192
1942;-0.041656;0.905411;-0.528900
1943;-0.173508;0.952301;-0.538773
1944;-0.250870;0.929871;-0.487869
1945;-0.238632;0.946411;-0.478439
1946;-0.163696;0.911713;-0.507690
1947;-0.107269;0.894897;-0.584473
1948;-0.047470;0.819763;-0.565887
1949;-0.030869;0.753098;-0.507584
1950;0.005920;0.729309;-0.463943
1951;0.037537;0.762283;-0.426758
1952;0.088593;0.863922;-0.413010
1953;0.102036;0.959747;-0.391937
1954;0.059708;1.041275;-0.397690
1955;-0.009933;1.057190;-0.385651
1956;-0.048218;1.038864;-0.342453
1957;-0.057877;1.013687;-0.310135
1958;-0.112885;1.077744;-0.385361
1959;-0.158310;0.777985;-0.041229
1960;-0.163666;0.771606;0.019211
1961;0.046280;0.865158;-0.008408
1962;0.125916;0.827087;-0.075500
1963;0.079437;0.929306;-0.124649
1964;-0.031174;0.989471;-0.069427
1965;-0.122177;1.115662;-0.067963
1966;-0.194763;1.167130;-0.126999
1967;-0.271378;1.025574;-0.163651
1968;-0.320984;1.111755;-0.269806
1969;-0.411087;1.001205;-0.265976
1970;-0.329758;0.963760;-0.247131
1971;0.002945;1.198090;-0.412476
1972;0.063080;1.080933;-0.398849
1973;0.294083;0.791565;-0.009277
1974;0.538513;1.036209;-0.063568
1975;0.236115;0.980209;-0.205368
1976;-0.149139;1.000031;-0.190216
1977;-0.366089;1.051559;-0.258026
1978;-0.434692;1.030167;-0.307373
1979;-0.348557;1.017654;-0.371643
1980;-0.242462;0.937119;-0.335083
1981;-0.112671;1.000778;-0.293106
1982;0.035339;1.003952;-0.319412
1983;0.128113;0.955627;-0.355789
1984;0.090164;0.947708;-0.373993
1985;-0.032364;1.047867;-0.434845
1986;-0.104340;1.049332;-0.484726
1987;-0.126358;1.002289;-0.439743
1988;-0.109070;1.087067;-0.439728
1989;-0.115601;1.129990;-0.392441
1990;-0.173553;1.099045;-0.330490
1991;-0.291779;1.097839;-0.282043
1992;-0.370193;1.038071;-0.151642
1993;-0.535751;1.208878;-0.280777
1994;-0.585617;1.204498;-0.381073
1995;-0.433594;1.132401;-0.417694
1996;-0.345383;0.952332;-0.439453
1997;-0.167404;0.901688;-0.526245
1998;-0.165802;0.879196;-0.472717
1999;-0.159454;0.762634;-0.352188
2000;-0.083603;0.688721;-0.298920
2001;0.037369;0.696136;-0.270065
2002;0.146408;0.706650;-0.234116
2003;0.249863;0.735306;-0.094070
2004;0.187363;0.809326;-0.183929
2005;-0.023575;0.823044;-0.157898
2006;-0.252151;0.715210;-0.150909
2007;-0.238846;0.726944;-0.279816
2008;-0.124207;0.754272;-0.384140
2009;-0.155289;0.778656;-0.424561
2010;-0.270859;0.857635;-0.480408
2011;-0.407684;0.872986;-0.506073
2012;-0.458435;0.944763;-0.516663
2013;-0.361465;0.933060;-0.459229
2014;-0.253693;0.961975;-0.423691
2015;-0.246521;0.960648;-0.424973
2016;-0.285736;0.916916;-0.448944
2017;-0.323196;0.869446;-0.423203
2018;-0.357056;0.863007;-0.418411
2019;-0.368729;0.859772;-0.432648
2020;-0.350296;0.869736;-0.453018
2021;-0.318512;0.863617;-0.480240
2022;-0.319611;0.813232;-0.470856
2023;-0.291962;0.799545;-0.487854
2024;-0.254364;0.797150;-0.509674
2025;-0.248840;0.782211;-0.510086
2026;-0.241745;0.794800;-0.486557
2027;-0.274323;0.822037;-0.461395
2028;-0.297424;0.801498;-0.444794
2029;-0.248596;0.785400;-0.478531
2030;-0.191376;0.785751;-0.498001
2031;-0.152435;0.824631;-0.532593
2032;-0.058289;0.082870;-1.752655
2033;3.725342;-1.173141;2.367615
2034;0.669464;3.253357;0.769470
2035;-0.238037;1.353180;-0.330322
2036;-1.623825;0.723206;-0.970047
2037;-2.639435;-0.229523;-1.112289
2038;-0.802811;0.868515;-0.381775
2039;0.221939;0.992630;-0.479187
2040;0.213425;0.809540;-0.773300
2041;-0.207794;0.730225;-0.578339
2042;-0.360519;0.753387;-0.484329
2043;-0.263275;0.770905;-0.434189
2044;-0.080765;0.718216;-0.418732
2045;-0.009537;0.709579;-0.409225
2046;0.045288;0.765778;-0.426407
2047;0.084198;0.799515;-0.488388
2048;0.046280;0.772629;-0.556046
2049;-0.030182;0.805893;-0.574905
2050;-0.149475;0.856171;-0.549179
2051;-0.284897;0.889755;-0.527649
2052;-0.378708;0.868866;-0.571472
2053;-0.396423;0.819977;-0.620148
2054;-0.330978;0.811417;-0.627304
2055;-0.247940;0.816910;-0.611816
2056;-0.194046;0.812790;-0.585342
2057;-0.140945;0.796967;-0.563232
2058;-0.106339;0.801636;-0.540665
2059;-0.101135;0.806015;-0.507965
2060;-0.143402;0.793289;-0.490219
2061;-0.176682;0.801773;-0.506424
2062;-0.196716;0.808609;-0.520737
2063;-0.206802;0.823608;-0.524338
2064;-0.202972;0.848358;-0.526291
2065;-0.197006;0.843079;-0.546875
2066;-0.193588;0.847885;-0.581009
2067;-0.185059;0.832275;-0.602509
2068;-0.184021;0.805435;-0.614349
2069;-0.197754;0.801880;-0.619690
2070;-0.208588;0.803635;-0.622437
2071;-0.199997;0.795029;-0.622574
2072;-0.175293;0.791016;-0.609421
2073;-0.166031;0.791245;-0.595230
2074;-0.116531;0.804626;-0.595932
2075;-0.106995;0.794586;-0.585648
2076;-0.102234;0.779846;-0.605667
2077;-0.114487;0.788422;-0.585846
2078;-0.144592;0.774826;-0.579529
2079;-0.161362;0.756470;-0.586548
2080;-0.147354;0.789841;-0.580856
2081;-0.141525;0.782959;-0.567551
2082;-0.153931;0.785324;-0.589188
2083;-0.180176;0.790604;-0.581635
2084;-0.186111;0.802368;-0.571198
2085;-0.193222;0.805328;-0.560989
2086;-0.189529;0.821335;-0.564728
2087;-0.189026;0.819992;-0.561035
2088;-0.195892;0.823837;-0.555618
2089;-0.203506;0.826141;-0.548431
2090;-0.194412;0.807999;-0.547409
2091;-0.185043;0.812866;-0.553040
2092;-0.179459;0.806335;-0.552811
2093;-0.173492;0.807129;-0.547623
2094;-0.172958;0.809387;-0.542557
2095;-0.170242;0.808044;-0.542633
2096;-0.161835;0.804153;-0.561218
2097;-0.172745;0.811707;-0.576309
2098;-0.177719;0.819290;-0.573288
2099;-0.189301;0.815231;-0.565414
2100;-0.201645;0.807968;-0.578110
2101;-0.189453;0.802261;-0.580887
2102;-0.174103;0.805862;-0.581207
2103;-0.161880;0.809326;-0.575928
2104;-0.154556;0.805267;-0.577652
2105;-0.162521;0.804657;-0.576096
2106;-0.170166;0.806213;-0.573105
2107;-0.180038;0.799194;-0.574402
2108;-0.176086;0.796906;-0.567566
2109;-0.142624;0.808777;-0.516327
2110;-0.153473;0.797165;-0.609848
2111;-0.163010;0.781754;-0.635513
2112;-0.159180;0.779129;-0.619858
2113;-0.169540;0.810547;-0.542328
2114;-0.145966;0.845261;-0.522934
2115;-0.166061;0.794281;-0.609848
2116;-0.191147;0.809021;-0.590561
2117;-0.178482;0.811432;-0.557220
2118;-0.162750;0.809998;-0.562820
2119;-0.176666;0.804214;-0.568497
2120;-0.178314;0.797531;-0.563156
2121;-0.156677;0.797943;-0.554611
2122;-0.163925;0.796509;-0.547165
2123;-0.177200;0.799194;-0.548813
2124;-0.184860;0.808060;-0.549026
2125;-0.191193;0.813492;-0.551239
2126;-0.182770;0.820038;-0.560760
2127;-0.178268;0.816391;-0.561737
2128;-0.178329;0.816864;-0.563339
